매출일자,요일,총매출,매장매출,배달매출
2019-09-01,일,851100,582400,268700
2019-09-02,월,621400,471000,150400
2019-09-03,화,849000,525900,323100
2019-09-04,수,671600,551100,120500
2019-09-05,목,737500,468160,269340
2019-09-06,금,789900,580000,209900
2019-09-07,토,910100,574500,335600
2019-09-08,일,1366800,907200,459600
2019-09-09,월,1050700,762200,288500
2019-09-10,화,855400,711600,143800
2019-09-11,수,852300,677400,174900
2019-09-12,목,996000,980900,15100
2019-09-14,토,1449600,1034100,415500
2019-09-15,일,1260200,832300,427900
2019-09-16,월,967800,820400,147400
2019-09-17,화,850200,578800,271400
2019-09-18,수,728300,586600,141700
2019-09-19,목,874000,629800,244200
2019-09-20,금,784300,504400,279900
2019-09-21,토,1182300,893000,289300
2019-09-22,일,1125800,537600,588200
2019-09-23,월,713000,552700,160300
2019-09-24,화,735700,522700,213000
2019-09-25,수,965900,601700,364200
2019-09-26,목,993500,786400,207100
2019-09-27,금,898800,665120,233680
2019-09-28,토,1095000,800920,294080
2019-09-29,일,1340900,856900,484000
2019-09-30,월,663800,525620,138180
2019-10-01,화,861200,497800,363400
2019-10-02,수,734700,551500,183200
2019-10-03,목,1213200,725000,488200
2019-10-04,금,1001000,750200,250800
2019-10-05,토,1034100,745900,288200
2019-10-06,일,1401200,1034600,366600
2019-10-07,월,842100,596500,245600
2019-10-08,화,838500,597200,241300
2019-10-09,수,1067200,751300,315900
2019-10-10,목,703500,543800,159700
2019-10-11,금,978100,692400,285700
2019-10-12,토,1245800,912720,333080
2019-10-13,일,1200400,780200,420200
2019-10-14,월,917800,668000,249800
2019-10-15,화,763000,635300,127700
2019-10-16,수,801000,512820,288180
2019-10-17,목,884400,549100,335300
2019-10-18,금,798600,555000,243600
2019-10-19,토,1258200,1072500,185700
2019-10-20,일,1221100,804700,416400
2019-10-21,월,800800,547620,253180
2019-10-22,화,1002900,747900,255000
2019-10-23,수,878800,593900,284900
2019-10-24,목,750700,517000,233700
2019-10-25,금,909200,672200,237000
2019-10-26,토,1206400,874100,332300
2019-10-27,일,1116000,810900,305100
2019-10-28,월,998100,663800,334300
2019-10-29,화,710800,558220,152580
2019-10-30,수,749300,455860,293440
2019-10-31,목,846100,568820,277280
2019-11-01,금,1734700,1577800,156900
2019-11-02,토,1244000,940000,304000
2019-11-03,일,1022100,756780,265320
2019-11-04,월,590000,445800,144200
2019-11-05,화,1023800,628500,395300
2019-11-06,수,622700,478040,144660
2019-11-07,목,822300,576700,245600
2019-11-08,금,908600,681000,227600
2019-11-09,토,1317800,922600,395200
2019-11-10,일,1467500,1022100,445400
2019-11-11,월,929900,667600,262300
2019-11-12,화,944500,682500,262000
2019-11-13,수,836100,539400,296700
2019-11-14,목,689700,455200,234500
2019-11-15,금,1258600,947200,311400
2019-11-16,토,1152200,941300,210900
2019-11-17,일,1384400,802200,582200
2019-11-18,월,743700,540200,203500
2019-11-19,화,824400,516000,308400
2019-11-20,수,943400,507900,435500
2019-11-21,목,766600,558000,208600
2019-11-22,금,710500,495300,215200
2019-11-23,토,1379700,1079900,299800
2019-11-24,일,1114300,849800,264500
2019-11-25,월,821500,595140,226360
2019-11-26,화,563400,444200,119200
2019-11-27,수,725800,544900,180900
2019-11-28,목,877400,615300,262100
2019-11-29,금,878100,719200,158900
2019-11-30,토,1316300,1069100,247200
2019-12-01,일,1063100,667100,396000
2019-12-02,월,748500,556900,191600
2019-12-03,화,654400,521800,132600
2019-12-04,수,659300,425600,233700
2019-12-05,목,835200,515700,319500
2019-12-06,금,846400,635300,211100
2019-12-07,토,1177100,817800,359300
2019-12-08,일,989300,639400,349900
2019-12-09,월,693700,444300,249400
2019-12-10,화,611700,399800,211900
2019-12-11,수,571100,402780,168320
2019-12-12,목,618700,464300,154400
2019-12-13,금,668500,424200,244300
2019-12-14,토,915800,659900,255900
2019-12-15,일,1336200,903700,432500
2019-12-16,월,916500,652280,264220
2019-12-17,화,732300,553700,178600
2019-12-18,수,725300,463200,262100
2019-12-19,목,622000,380000,242000
2019-12-20,금,972800,775840,196960
2019-12-21,토,778800,581400,197400
2019-12-22,일,969600,588200,381400
2019-12-23,월,822600,486600,336000
2019-12-24,화,794000,552800,241200
2019-12-25,수,937500,641000,296500
2019-12-26,목,688400,473800,214600
2019-12-27,금,926600,597700,328900
2019-12-28,토,883200,615600,267600
2019-12-29,일,1030800,518200,512600
2019-12-30,월,730200,555500,174700
2019-12-31,화,847700,563200,284500
2020-01-01,수,1005300,669500,335800
2020-01-02,목,917400,638800,278600
2020-01-03,금,971500,655620,315880
2020-01-04,토,1009800,586600,423200
2020-01-05,일,1109300,605900,503400
2020-01-06,월,835800,543400,292400
2020-01-07,화,753300,462440,290860
2020-01-08,수,1192600,857700,334900
2020-01-09,목,727500,444020,283480
2020-01-10,금,729200,503340,225860
2020-01-11,토,1096000,792800,303200
2020-01-12,일,1171600,756800,414800
2020-01-13,월,762500,570600,191900
2020-01-14,화,816200,605420,210780
2020-01-15,수,833600,620200,213400
2020-01-16,목,905800,614300,291500
2020-01-17,금,759000,522800,236200
2020-01-18,토,1101800,708120,393680
2020-01-19,일,974400,665000,309400
2020-01-20,월,824200,518200,306000
2020-01-21,화,840800,637200,203600
2020-01-22,수,818200,544800,273400
2020-01-23,목,906600,492600,414000
2020-01-24,금,1205300,934200,271100
2020-01-26,일,965800,943900,21900
2020-01-27,월,1174700,633680,541020
2020-01-28,화,963600,624020,339580
2020-01-29,수,879400,606700,272700
2020-01-30,목,862200,615500,246700
2020-01-31,금,959700,675400,284300
2020-02-01,토,1204000,804200,399800
2020-02-02,일,1229100,772700,456400
2020-02-03,월,1033000,682900,350100
2020-02-04,화,731200,433500,297700
2020-02-05,수,1141400,799300,342100
2020-02-06,목,835500,566100,269400
2020-02-07,금,850900,520200,330700
2020-02-08,토,1159200,992300,166900
2020-02-09,일,1392700,912300,480400
2020-02-10,월,977800,656100,321700
2020-02-11,화,1005000,587900,417100
2020-02-12,수,849400,624800,224600
2020-02-13,목,976500,600200,376300
2020-02-14,금,1032800,631200,401600
2020-02-15,토,1463600,1082300,381300
2020-02-16,일,1277400,792000,485400
2020-02-17,월,845500,566400,279100
2020-02-18,화,816500,520900,295600
2020-02-19,수,1103000,757080,345920
2020-02-20,목,758100,505300,252800
2020-02-21,금,1049500,728600,320900
2020-02-22,토,782700,424900,357800
2020-02-23,일,1151400,714200,437200
2020-02-24,월,886500,566120,320380
2020-02-25,화,792700,384700,408000
2020-02-26,수,646800,436500,210300
2020-02-27,목,780400,505700,274700
2020-02-28,금,815000,469500,345500
2020-02-29,토,1078200,505000,573200
2020-03-01,일,1221200,715300,505900
2020-03-02,월,1023800,656300,367500
2020-03-03,화,813500,552700,260800
2020-03-04,수,730300,492200,238100
2020-03-05,목,828700,484700,344000
2020-03-06,금,686300,390900,295400
2020-03-07,토,1121400,756700,364700
2020-03-08,일,1352900,829400,523500
2020-03-09,월,960100,621200,338900
2020-03-10,화,827000,585700,241300
2020-03-11,수,1009000,733100,275900
2020-03-12,목,1144400,754500,389900
2020-03-13,금,895500,453500,442000
2020-03-14,토,1327100,802000,525100
2020-03-15,일,1272100,839800,432300
2020-03-16,월,871300,536000,335300
2020-03-17,화,993700,680300,313400
2020-03-18,수,1163100,688500,474600
2020-03-19,목,821100,447300,373800
2020-03-20,금,900200,600300,299900
2020-03-21,토,1243400,949200,294200
2020-03-22,일,1260000,928200,331800
2020-03-23,월,1002600,611300,391300
2020-03-24,화,787700,547900,239800
2020-03-25,수,960900,538600,422300
2020-03-26,목,653200,443700,209500
2020-03-27,금,883300,605300,278000
2020-03-28,토,1175600,849100,326500
2020-03-29,일,896500,580200,316300
2020-03-30,월,810000,460000,350000
2020-03-31,화,803700,551100,252600
2020-04-01,수,880300,640900,239400
2020-04-02,목,736700,622000,114700
2020-04-03,금,1162300,862500,299800
2020-04-04,토,1138700,831100,307600
2020-04-05,일,1170600,871800,298800
2020-04-06,월,960400,734200,226200
2020-04-07,화,760100,560200,199900
2020-04-08,수,959800,707000,252800
2020-04-09,목,1069000,609400,459600
2020-04-10,금,870200,609640,260560
2020-04-11,토,1197000,969000,228000
2020-04-12,일,1424000,938300,485700
2020-04-13,월,1085000,802300,282700
2020-04-14,화,1077000,741400,335600
2020-04-15,수,1320100,1012600,307500
2020-04-16,목,798700,548800,249900
2020-04-17,금,885100,611400,273700
2020-04-18,토,1323400,890100,433300
2020-04-19,일,1026400,688700,337700
2020-04-20,월,818800,581200,237600
2020-04-21,화,981600,694500,287100
2020-04-22,수,924000,716500,207500
2020-04-23,목,941600,546400,395200
2020-04-24,금,919100,611500,307600
2020-04-25,토,1122600,711000,411600
2020-04-26,일,1204400,888100,316300
2020-04-27,월,935300,683100,252200
2020-04-28,화,875000,540300,334700
2020-04-29,수,1126300,851340,274960
2020-04-30,목,1188000,833400,354600
2020-05-01,금,1304300,871380,432920
2020-05-02,토,1047900,804800,243100
2020-05-03,일,1033800,566900,466900
2020-05-04,월,1128900,734000,394900
2020-05-05,화,1117500,769600,347900
2020-05-06,수,762200,550200,212000
2020-05-07,목,1120300,855900,264400
2020-05-08,금,961000,630200,330800
2020-05-09,토,1185300,852200,333100
2020-05-10,일,1113400,853300,260100
2020-05-11,월,1218700,885100,333600
2020-05-12,화,1178300,867600,310700
2020-05-13,수,893300,677200,216100
2020-05-14,목,964900,656400,308500
2020-05-15,금,968500,656600,311900
2020-05-16,토,1528300,895000,633300
2020-05-17,일,1253900,812400,441500
2020-05-18,월,840800,565400,275400
2020-05-19,화,657500,536900,120600
2020-05-20,수,899100,665800,233300
2020-05-21,목,1018900,736100,282800
2020-05-22,금,1111300,758900,352400
2020-05-23,토,1359700,934800,424900
2020-05-24,일,1453400,1149600,303800
2020-05-25,월,1058100,788680,269420
2020-05-26,화,1076700,853300,223400
2020-05-27,수,923700,638400,285300
2020-05-28,목,990800,687600,303200
2020-05-29,금,947700,753820,193880
2020-05-30,토,1732300,1326200,406100
2020-05-31,일,1602200,956000,646200
2020-06-01,월,1043800,791400,252400
2020-06-02,화,1242600,895700,346900
2020-06-03,수,1081600,837900,243700
2020-06-04,목,1229300,811500,417800
2020-06-05,금,1202400,819600,382800
2020-06-06,토,1415700,1057600,358100
2020-06-07,일,1329400,872600,456800
2020-06-08,월,1085800,815000,270800
2020-06-09,화,981400,735900,245500
2020-06-10,수,1052300,724600,327700
2020-06-11,목,984500,680100,304400
2020-06-12,금,1042100,677100,365000
2020-06-13,토,1126000,905900,220100
2020-06-14,일,1342800,937600,405200
2020-06-15,월,1001700,611900,389800
2020-06-16,화,971900,674900,297000
2020-06-17,수,1139000,830500,308500
2020-06-18,목,678700,461300,217400
2020-06-19,금,937500,706700,230800
2020-06-20,토,1343000,997000,346000
2020-06-21,일,1227100,808800,418300
2020-06-22,월,1017500,751100,266400
2020-06-23,화,854200,611100,243100
2020-06-24,수,738800,546300,192500
2020-06-25,목,732600,579500,153100
2020-06-26,금,1192200,878000,314200
2020-06-27,토,1087700,699600,388100
2020-06-28,일,1599500,1120800,478700
2020-06-29,월,725700,445100,280600
2020-06-30,화,710000,528800,181200
2020-07-01,수,895600,621500,274100
2020-07-02,목,1055900,806800,249100
2020-07-03,금,1431700,1082800,348900
2020-07-04,토,1242100,889500,352600
2020-07-05,일,1451500,853400,598100
2020-07-06,월,1187000,734500,452500
2020-07-07,화,1170900,799600,371300
2020-07-08,수,1079500,724200,355300
2020-07-09,목,879800,629700,250100
2020-07-10,금,832800,492200,340600
2020-07-11,토,1508600,1011400,497200
2020-07-12,일,1259800,801900,457900
2020-07-13,월,814900,510800,304100
2020-07-14,화,766900,585100,181800
2020-07-15,수,877900,582300,295600
2020-07-16,목,909700,653500,256200
2020-07-17,금,723000,470300,252700
2020-07-18,토,1238300,962800,275500
2020-07-19,일,1450200,981660,468540
2020-07-20,월,1172600,811900,360700
2020-07-21,화,959800,573000,386800
2020-07-22,수,953500,594400,359100
2020-07-23,목,877800,392400,485400
2020-07-24,금,1212900,883500,329400
2020-07-25,토,1530800,1134000,396800
2020-07-26,일,1346300,848780,497520
2020-07-27,월,1028700,737300,291400
2020-07-28,화,1242000,842000,400000
2020-07-29,수,898900,567400,331500
2020-07-30,목,1069900,611000,458900
2020-07-31,금,1277100,775800,501300
2020-08-01,토,1314400,1063900,250500
2020-08-02,일,1349300,845740,503560
2020-08-03,월,1036600,990400,46200
2020-08-04,화,912100,824200,87900
2020-08-05,수,1064100,522700,541400
2020-08-06,목,979000,509200,469800
2020-08-07,금,1071000,664200,406800
2020-08-08,토,1038100,601000,437100
2020-08-09,일,1338700,776480,562220
2020-08-10,월,1167600,687100,480500
2020-08-11,화,1333300,986800,346500
2020-08-12,수,1044300,516100,528200
2020-08-13,목,1247600,919800,327800
2020-08-14,금,1270900,921800,349100
2020-08-15,토,1378700,882500,496200
2020-08-16,일,1222700,647900,574800
2020-08-17,월,1478800,918900,559900
2020-08-18,화,1069000,805400,263600
2020-08-19,수,1292300,775300,517000
2020-08-20,목,1244400,694300,550100
2020-08-21,금,1144200,810300,333900
2020-08-22,토,1344100,906900,437200
2020-08-23,일,1450600,896740,553860
2020-08-24,월,1293600,949100,344500
2020-08-25,화,1106100,723500,382600
2020-08-26,수,1146200,836200,310000
2020-08-27,목,1030100,661600,368500
2020-08-28,금,1220200,813000,407200
2020-08-29,토,1748600,1180300,568300
2020-08-30,일,1574100,865100,709000
2020-08-31,월,1234000,829400,404600
2020-09-01,화,1054500,767600,286900
2020-09-02,수,1025100,654100,371000
2020-09-03,목,1248200,667900,580300
2020-09-04,금,1408000,925400,482600
2020-09-05,토,1394800,895300,499500
2020-09-06,일,1529300,972300,557000
2020-09-07,월,904700,640800,263900
2020-09-08,화,860900,663600,197300
2020-09-09,수,1074000,784300,289700
2020-09-10,목,1102600,690700,411900
2020-09-11,금,1003900,663500,340400
2020-09-12,토,1213300,942100,271200
2020-09-13,일,1247800,825800,422000
2020-09-14,월,1102400,668500,433900
2020-09-15,화,946900,706600,240300
2020-09-16,수,1047000,748200,298800
2020-09-17,목,897000,581960,315040
2020-09-18,금,1092700,766600,326100
2020-09-19,토,1374400,876140,498260
2020-09-20,일,1450400,886800,563600
2020-09-21,월,1048900,649500,399400
2020-09-22,화,1041300,775600,265700
2020-09-23,수,962200,621500,340700
2020-09-24,목,985100,624900,360200
2020-09-25,금,1013600,589300,424300
2020-09-26,토,1152600,731800,420800
2020-09-27,일,1867600,1110700,756900
2020-09-28,월,1393600,1023800,369800
2020-09-29,화,1578500,1150100,428400
2020-09-30,수,1976300,1515500,460800
2020-10-01,목,1510900,1432200,78700
2020-10-02,금,1776500,1700100,76400
2020-10-03,토,1740600,1315300,425300
2020-10-04,일,1836900,1153900,683000
2020-10-05,월,1080600,715300,365300
2020-10-06,화,1238300,816700,421600
2020-10-07,수,955100,670700,284400
2020-10-08,목,1012300,704100,308200
2020-10-09,금,1105100,891300,213800
2020-10-10,토,1490200,1005200,485000
2020-10-11,일,1467800,1003200,464600
2020-10-12,월,930500,604500,326000
2020-10-13,화,1132400,816300,316100
2020-10-14,수,967800,647600,320200
2020-10-15,목,1112100,682100,430000
2020-10-16,금,1079600,754400,325200
2020-10-17,토,1708700,1298900,409800
2020-10-18,일,1472700,1062200,410500
2020-10-19,월,1227100,780200,446900
2020-10-20,화,1032900,777500,255400
2020-10-21,수,970100,527400,442700
2020-10-22,목,1266300,903600,362700
2020-10-23,금,1038400,718000,320400
2020-10-24,토,1124100,634700,489400
2020-10-25,일,1727500,1013100,714400
2020-10-26,월,1309300,777100,532200
2020-10-27,화,1268500,569400,699100
2020-10-28,수,818100,559900,258200
2020-10-29,목,980800,667200,313600
2020-10-30,금,1250900,926500,324400
2020-10-31,토,1419000,808700,610300
2020-11-01,일,1496600,858500,638100
2020-11-02,월,985000,699200,285800
2020-11-03,화,1003000,596800,406200
2020-11-04,수,811200,505300,305900
2020-11-05,목,961300,703800,257500
2020-11-06,금,868400,629100,239300
2020-11-07,토,1456400,906300,550100
2020-11-08,일,1346300,922300,424000
2020-11-09,월,1083500,681100,402400
2020-11-10,화,700800,480300,220500
2020-11-11,수,894800,567500,327300
2020-11-12,목,1086400,814500,271900
2020-11-13,금,1255700,871700,384000
2020-11-14,토,1690800,1228400,462400
2020-11-15,일,1325400,863300,462100
2020-11-16,월,1093700,761600,332100
2020-11-17,화,1076000,765900,310100
2020-11-18,수,1025400,625100,400300
2020-11-19,목,2771700,2533100,238600
2020-11-20,금,966500,622000,344500
2020-11-21,토,1367500,879600,487900
2020-11-22,일,1253500,967800,285700
2020-11-23,월,701600,432700,268900
2020-11-24,화,752700,461600,291100
2020-11-25,수,888200,576700,311500
2020-11-26,목,739000,519500,219500
2020-11-27,금,759700,492400,267300
2020-11-28,토,1184000,685700,498300
2020-11-29,일,1175100,726900,448200
2020-11-30,월,1060800,776300,284500
2020-12-01,화,981600,728000,253600
2020-12-02,수,1027900,613700,414200
2020-12-03,목,879900,562800,317100
2020-12-04,금,932400,595860,336540
2020-12-05,토,1138300,748800,389500
2020-12-06,일,1314600,871700,442900
2020-12-07,월,1107700,658000,449700
2020-12-08,화,1080600,640600,440000
2020-12-09,수,1138200,660000,478200
2020-12-10,목,1026100,643600,382500
2020-12-11,금,1065900,613200,452700
2020-12-12,토,1211600,760000,451600
2020-12-13,일,1744900,1018400,726500
2020-12-14,월,1123600,545800,577800
2020-12-15,화,952100,509500,442600
2020-12-16,수,830600,405100,425500
2020-12-17,목,969800,587120,382680
2020-12-18,금,938400,595400,343000
2020-12-19,토,1048400,677400,371000
2020-12-20,일,1429800,647500,782300
2020-12-21,월,1073000,635600,437400
2020-12-22,화,938100,619700,318400
2020-12-23,수,842900,613200,229700
2020-12-24,목,1009700,603300,406400
2020-12-25,금,1392900,803500,589400
2020-12-26,토,1165900,738100,427800
2020-12-27,일,1028600,654700,373900
2020-12-28,월,1180900,683980,496920
2020-12-29,화,1091500,620100,471400
2020-12-30,수,1119900,649500,470400
2020-12-31,목,758800,408600,350200
2021-01-01,금,1132500,553300,579200
2021-01-02,토,973400,624200,349200
2021-01-03,일,1405200,831800,573400
2021-01-04,월,957300,532200,425100
2021-01-05,화,1114100,802400,311700
2021-01-06,수,911600,533900,377700
2021-01-07,목,982500,423100,559400
2021-01-08,금,933000,458600,474400
2021-01-09,토,1056100,555300,500800
2021-01-10,일,1544200,748900,795300
2021-01-11,월,938000,589000,349000
2021-01-12,화,1193400,667900,525500
2021-01-13,수,882400,508600,373800
2021-01-14,목,1472600,897600,575000
2021-01-15,금,804800,422800,382000
2021-01-16,토,1137500,687500,450000
2021-01-17,일,1207200,789200,418000
2021-01-18,월,1006100,547100,459000
2021-01-19,화,924900,526600,398300
2021-01-20,수,1230500,684400,546100
2021-01-21,목,1180100,681500,498600
2021-01-22,금,802100,500700,301400
2021-01-23,토,1330900,898100,432800
2021-01-24,일,1246600,707200,539400
2021-01-25,월,1063400,601200,462200
2021-01-26,화,1038800,722100,316700
2021-01-27,수,1161800,767800,394000
2021-01-28,목,986200,563700,422500
2021-01-29,금,922000,573300,348700
2021-01-30,토,1359400,815900,543500
2021-01-31,일,1212800,938600,274200
2021-02-01,월,1438500,1037400,401100
2021-02-02,화,979900,659200,320700
2021-02-03,수,869800,386100,483700
2021-02-04,목,1252100,891400,360700
2021-02-05,금,1133300,749000,384300
2021-02-06,토,1236100,756520,479580
2021-02-07,일,1495100,874000,621100
2021-02-08,월,953500,509600,443900
2021-02-09,화,1095500,682800,412700
2021-02-10,수,1275800,885300,390500
2021-02-11,목,1392500,970000,422500
2021-02-12,금,1476000,1083100,392900
2021-02-13,토,1667600,1139800,527800
2021-02-14,일,1257900,732700,525200
2021-02-15,월,1199900,741800,458100
2021-02-16,화,1079900,662500,417400
2021-02-17,수,984800,594800,390000
2021-02-18,목,965800,693400,272400
2021-02-19,금,1251300,800200,451100
2021-02-20,토,1109400,655700,453700
2021-02-21,일,1416600,753400,663200
2021-02-22,월,1259000,685100,573900
2021-02-23,화,1088400,682900,405500
2021-02-24,수,994000,579500,414500
2021-02-25,목,1102200,627300,474900
2021-02-26,금,731000,483300,247700
2021-02-27,토,1438700,1012900,425800
2021-02-28,일,1723700,874800,848900
2021-03-01,월,1489900,797300,692600
2021-03-02,화,1032000,658600,373400
2021-03-03,수,814100,488000,326100
2021-03-04,목,895200,608020,287180
2021-03-05,금,1176700,732040,444660
2021-03-06,토,1327200,791800,535400
2021-03-07,일,1436500,687300,749200
2021-03-08,월,1067200,625100,442100
2021-03-09,화,1041900,575200,466700
2021-03-10,수,926100,701520,224580
2021-03-11,목,1406000,900500,505500
2021-03-12,금,1003300,436100,567200
2021-03-13,토,1508900,857000,651900
2021-03-14,일,1266100,683100,583000
2021-03-15,월,1209800,772800,437000
2021-03-16,화,996200,542600,453600
2021-03-17,수,1076400,683500,392900
2021-03-18,목,1319900,679820,640080
2021-03-19,금,960300,569200,391100
2021-03-20,토,1260500,833420,427080
2021-03-21,일,1355400,734360,621040
2021-03-22,월,1074800,589000,485800
2021-03-23,화,1111500,520860,590640
2021-03-24,수,935800,654100,281700
2021-03-25,목,1094500,799100,295400
2021-03-26,금,1111900,666600,445300
2021-03-27,토,1556100,967800,588300
2021-03-28,일,1530400,865800,664600
2021-03-29,월,1085900,699920,385980
2021-03-30,화,1087500,624400,463100
2021-03-31,수,1199300,692220,507080
2021-04-01,목,1318200,798100,520100
2021-04-02,금,1133200,727100,406100
2021-04-03,토,1370700,768160,602540
2021-04-04,일,1266200,632200,634000
2021-04-05,월,1492600,1020800,471800
2021-04-06,화,1065700,521300,544400
2021-04-07,수,1259700,853000,406700
2021-04-08,목,1085900,619560,466340
2021-04-09,금,939000,560600,378400
2021-04-10,토,1500100,953520,546580
2021-04-11,일,1608400,895360,713040
2021-04-12,월,1146800,586000,560800
2021-04-13,화,1327700,805900,521800
2021-04-14,수,870600,542500,328100
2021-04-15,목,1056900,764000,292900
2021-04-16,금,1127200,599100,528100
2021-04-17,토,1546900,968500,578400
2021-04-18,일,1348200,842700,505500
2021-04-19,월,1022200,651500,370700
2021-04-20,화,934400,537500,396900
2021-04-21,수,1079300,509400,569900
2021-04-22,목,940400,519000,421400
2021-04-23,금,812600,497900,314700
2021-04-24,토,1383600,766700,616900
2021-04-25,일,1231700,715700,516000
2021-04-26,월,1031500,616100,415400
2021-04-27,화,1075000,603800,471200
2021-04-28,수,899100,536700,362400
2021-04-29,목,1584000,988200,595800
2021-04-30,금,907800,598300,309500
2021-05-01,토,1287100,710200,576900
2021-05-02,일,1383400,719700,663700
2021-05-03,월,1259300,682800,576500
2021-05-04,화,1071900,566600,505300
2021-05-05,수,1210200,633400,576800
2021-05-06,목,1145000,550100,594900
2021-05-07,금,1189800,586860,602940
2021-05-08,토,1331400,755700,575700
2021-05-09,일,1166700,630400,536300
2021-05-10,월,1134600,556300,578300
2021-05-11,화,1223100,693680,529420
2021-05-12,수,933200,606100,327100
2021-05-13,목,1171300,780300,391000
2021-05-14,금,1119800,673600,446200
2021-05-15,토,1427500,739100,688400
2021-05-16,일,1401100,619700,781400
2021-05-17,월,1312400,837200,475200
2021-05-18,화,1121500,755500,366000
2021-05-19,수,1557100,999400,557700
2021-05-20,목,743200,392600,350600
2021-05-21,금,1450200,921460,528740
2021-05-22,토,1408400,859900,548500
2021-05-23,일,1296200,670300,625900
2021-05-24,월,1122400,686200,436200
2021-05-25,화,1156300,626700,529600
2021-05-26,수,1198600,749900,448700
2021-05-27,목,1136700,631800,504900
2021-05-28,금,1082900,736380,346520
2021-05-29,토,1205700,683960,521740
2021-05-30,일,1187500,688300,499200
2021-05-31,월,1120800,826000,294800
2021-06-01,화,1007000,592400,414600
2021-06-02,수,1100300,658540,441760
2021-06-03,목,918600,409900,508700
2021-06-04,금,1229400,821200,408200
2021-06-05,토,1633700,1173600,460100
2021-06-06,일,1380100,778500,601600
2021-06-07,월,949400,570100,379300
2021-06-08,화,1209200,625400,583800
2021-06-09,수,1225000,653500,571500
2021-06-10,목,1418200,873680,544520
2021-06-11,금,1331000,597600,733400
2021-06-12,토,1598400,998580,599820
2021-06-13,일,1666900,957180,709720
2021-06-14,월,1036100,603300,432800
2021-06-15,화,1046600,603600,443000
2021-06-16,수,832300,449100,383200
2021-06-17,목,889100,544960,344140
2021-06-18,금,1087000,703500,383500
2021-06-19,토,1369700,917400,452300
2021-06-20,일,1667700,943600,724100
2021-06-21,월,1195100,602400,592700
2021-06-22,화,1155500,655100,500400
2021-06-23,수,1123300,601860,521440
2021-06-24,목,872900,433220,439680
2021-06-25,금,1484600,770500,714100
2021-06-26,토,1417100,854060,563040
2021-06-27,일,1252600,576200,676400
2021-06-28,월,1399500,889900,509600
2021-06-29,화,1027200,568000,459200
2021-06-30,수,1022000,600180,421820
2021-07-01,목,914900,504700,410200
2021-07-02,금,1288100,682100,606000
2021-07-03,토,1313200,631900,681300
2021-07-04,일,1626000,764400,861600
2021-07-05,월,809700,510100,299600
2021-07-06,화,1067900,560800,507100
2021-07-07,수,1070100,529800,540300
2021-07-08,목,1182300,583000,599300
2021-07-09,금,1511300,877900,633400
2021-07-10,토,1248300,711400,536900
2021-07-11,일,1418000,657200,760800
2021-07-12,월,1396400,793700,602700
2021-07-13,화,1129200,543900,585300
2021-07-14,수,1211600,591800,619800
2021-07-15,목,1242900,719900,523000
2021-07-16,금,1430900,740200,690700
2021-07-17,토,1343700,730600,613100
2021-07-18,일,1364000,536360,827640
2021-07-19,월,1570800,746900,823900
2021-07-20,화,975400,421200,554200
2021-07-21,수,1302200,643900,658300
2021-07-22,목,2025400,1430800,594600
2021-07-23,금,1336300,803400,532900
2021-07-24,토,1212700,813500,399200
2021-07-25,일,1674900,884700,790200
2021-07-26,월,1904200,864700,1039500
2021-07-27,화,1504200,713200,791000
2021-07-28,수,1300400,706400,594000
2021-07-29,목,1388600,623100,765500
2021-07-30,금,1449100,688700,760400
2021-07-31,토,1300000,586700,713300
2021-08-01,일,1625200,877120,748080
2021-08-02,월,1708000,887600,820400
2021-08-03,화,1761100,1012760,748340
2021-08-04,수,1386500,804000,582500
2021-08-05,목,1353800,667940,685860
2021-08-06,금,1576900,802500,774400
2021-08-07,토,1646700,887100,759600
2021-08-08,일,1684000,661560,1022440
2021-08-09,월,1801500,949800,851700
2021-08-10,화,1566300,932120,634180
2021-08-11,수,1484400,889160,595240
2021-08-12,목,1326400,605640,720760
2021-08-13,금,1328700,769740,558960
2021-08-14,토,1500300,713920,786380
2021-08-15,일,1355200,705000,650200
2021-08-16,월,1577500,648600,928900
2021-08-17,화,947200,474600,472600
2021-08-18,수,1329300,695980,633320
2021-08-19,목,1229700,657420,572280
2021-08-20,금,1714700,879700,835000
2021-08-21,토,1100100,526020,574080
2021-08-22,일,1675000,866600,808400
2021-08-23,월,1455600,813100,642500
2021-08-24,화,1216000,583900,632100
2021-08-25,수,1722600,923200,799400
2021-08-26,목,1636100,797720,838380
2021-08-27,금,1730100,835500,894600
2021-08-28,토,1539400,686400,853000
2021-08-29,일,1757500,1048200,709300
2021-08-30,월,1590000,751160,838840
2021-08-31,화,1233200,575100,658100
2021-09-01,수,1119000,524300,594700
2021-09-02,목,1381000,697500,683500
2021-09-03,금,1041200,542400,498800
2021-09-04,토,1629900,803560,826340
2021-09-05,일,1606800,627600,979200
2021-09-06,월,1031400,530320,501080
2021-09-07,화,1039800,462500,577300
2021-09-08,수,1161400,553880,607520
2021-09-09,목,1187900,584900,603000
2021-09-10,금,1271800,539220,732580
2021-09-11,토,1591400,856040,735360
2021-09-12,일,1459000,601900,857100
2021-09-13,월,1120900,598600,522300
2021-09-14,화,1105500,566380,539120
2021-09-15,수,1250000,619300,630700
2021-09-16,목,1195900,668600,527300
2021-09-17,금,1142200,578040,564160
2021-09-18,토,1666500,1077100,589400
2021-09-19,일,1729800,918300,811500
2021-09-20,월,1407500,858200,549300
2021-09-21,화,1254900,1150600,104300
2021-09-22,수,1798400,1078680,719720
2021-09-23,목,1353900,824560,529340
2021-09-24,금,1084800,600520,484280
2021-09-25,토,1539100,808800,730300
2021-09-26,일,1716600,922500,794100
2021-09-27,월,1176200,587100,589100
2021-09-28,화,1219100,462300,756800
2021-09-29,수,1244400,558600,685800
2021-09-30,목,817400,466220,351180
2021-10-01,금,1100100,791900,308200
2021-10-02,토,1845500,1020700,824800
2021-10-03,일,1314800,704700,610100
2021-10-04,월,1728400,902700,825700
2021-10-05,화,1224100,614300,609800
2021-10-06,수,1053500,511700,541800
2021-10-07,목,1285400,641000,644400
2021-10-08,금,1307200,586400,720800
2021-10-09,토,1759200,872300,886900
2021-10-10,일,2034200,965900,1068300
2021-10-11,월,1480900,569500,911400
2021-10-12,화,1018600,456000,562600
2021-10-13,수,998000,542200,455800
2021-10-14,목,1223300,526280,697020
2021-10-15,금,1160500,566500,594000
2021-10-16,토,1555100,709220,845880
2021-10-17,일,1472900,746400,726500
2021-10-18,월,1136600,608200,528400
2021-10-19,화,966800,438800,528000
2021-10-20,수,1127500,547400,580100
2021-10-21,목,1136000,530300,605700
2021-10-22,금,1321100,723680,597420
2021-10-23,토,1407300,755100,652200
2021-10-24,일,1155700,628600,527100
2021-10-25,월,1350300,578200,772100
2021-10-26,화,1260400,607200,653200
2021-10-27,수,1088900,575000,513900
2021-10-28,목,952600,530120,422480
2021-10-29,금,1095500,451700,643800
2021-10-30,토,1318000,797100,520900
2021-10-31,일,1653700,900500,753200
2021-11-01,월,1204100,646700,557400
2021-11-02,화,1080500,512600,567900
2021-11-03,수,964600,389300,575300
2021-11-04,목,1410600,777000,633600
2021-11-05,금,945300,482300,463000
2021-11-06,토,1392300,694940,697360
2021-11-07,일,1325700,479900,845800
2021-11-08,월,937200,363200,574000
2021-11-09,화,992800,521200,471600
2021-11-10,수,816100,383620,432480
2021-11-11,목,822700,432400,390300
2021-11-12,금,1026000,544500,481500
2021-11-13,토,1444800,653140,791660
2021-11-14,일,1188400,594020,594380
2021-11-15,월,1145700,538400,607300
2021-11-16,화,1114700,592200,522500
2021-11-17,수,1184800,569820,614980
2021-11-18,목,1014100,470900,543200
2021-11-19,금,878800,415200,463600
2021-11-20,토,1260100,710300,549800
2021-11-21,일,1420300,619100,801200
2021-11-22,월,1082900,535020,547880
2021-11-23,화,1856700,1332900,523800
2021-11-24,수,1125800,535500,590300
2021-11-25,목,1432100,767900,664200
2021-11-26,금,922200,452700,469500
2021-11-27,토,1431400,682400,749000
2021-11-28,일,1121500,434280,687220
2021-11-29,월,1102600,544780,557820
2021-11-30,화,889300,474200,415100
2021-12-01,수,795500,345580,449920
2021-12-02,목,922900,551500,371400
2021-12-03,금,914500,439420,475080
2021-12-04,토,1165800,566000,599800
2021-12-05,일,1309400,551900,757500
2021-12-06,월,972200,411600,560600
2021-12-07,화,814000,409500,404500
2021-12-08,수,1278900,558900,720000
2021-12-09,목,949700,495700,454000
2021-12-10,금,1306500,711160,595340
2021-12-11,토,1368200,771620,596580
2021-12-12,일,1422500,537700,884800
2021-12-13,월,1016900,504300,512600
2021-12-14,화,1151700,548400,603300
2021-12-15,수,1001900,483100,518800
2021-12-16,목,1011300,502260,509040
2021-12-17,금,984800,471120,513680
2021-12-18,토,972600,469960,502640
2021-12-19,일,1146600,448100,698500
2021-12-20,월,1245300,579600,665700
2021-12-21,화,989300,501200,488100
2021-12-22,수,1100600,415140,685460
2021-12-23,목,1023100,463700,559400
2021-12-24,금,1424500,783720,640780
2021-12-25,토,1244800,483500,761300
2021-12-26,일,1481000,489000,992000
2021-12-27,월,1340800,591700,749100
2021-12-28,화,938200,455000,483200
2021-12-29,수,1301100,720440,580660
2021-12-30,목,1522900,763600,759300
2021-12-31,금,1757400,988600,768800
2022-01-01,토,1481000,638600,842400
2022-01-02,일,1274600,525440,749160
2022-01-03,월,985700,568100,417600
2022-01-04,화,1406200,797500,608700
2022-01-05,수,1165700,552300,613400
2022-01-06,목,961500,471120,490380
2022-01-07,금,1417900,576400,841500
2022-01-08,토,1535800,727400,808400
2022-01-09,일,1520100,594200,925900
2022-01-10,월,1510900,684000,826900
2022-01-11,화,1218500,464500,754000
2022-01-12,수,1606200,660100,946100
2022-01-13,목,1298700,638800,659900
2022-01-14,금,1282800,541800,741000
2022-01-15,토,1295800,684200,611600
2022-01-16,일,1452100,620480,831620
2022-01-17,월,1336900,480040,856860
2022-01-18,화,1214900,660700,554200
2022-01-19,수,1417200,563500,853700
2022-01-20,목,1221600,566700,654900
2022-01-21,금,1145600,555460,590140
2022-01-22,토,1670400,880700,789700
2022-01-23,일,1648300,713600,934700
2022-01-24,월,1373900,632800,741100
2022-01-25,화,1305400,594500,710900
2022-01-26,수,1356000,705700,650300
2022-01-27,목,1379700,651700,728000
2022-01-28,금,1537900,817120,720780
2022-01-29,토,1900500,857800,1042700
2022-01-30,일,1716700,944700,772000
2022-01-31,월,1925600,1013000,912600
2022-02-01,화,942800,890460,52340
